
GlyphDescriptor::new("jakiTok_VAR01",
r#"
825 817 m 0
 851 817 875 795 875 767 c 0
 875 752 869 738 856 728 c 0
 841 716 831 706 826 700 c 1
 868 666 925 639 925 561 c 0
 925 485 886 436 827 414 c 1
 839 371 845 329 845 303 c 0
 845 284 842 265 837 248 c 1
 865 220 891 188 907 153 c 0
 915 136 919 120 919 104 c 0
 919 11 820 -25 730 -25 c 0
 648 -25 551 4 476 74 c 0
 463 86 455 88 451 88 c 0
 447 88 441 88 433 84 c 0
 390 61 372 13 324 -7 c 0
 316 -10 306 -13 295 -13 c 0
 239 -13 222 41 213 87 c 0
 207 117 203 155 199 206 c 0
 198 226 194 238 192 245 c 1
 179 243 168 239 155 239 c 0
 143 239 130 242 115 251 c 0
 92 265 83 289 79 309 c 0
 77 321 75 335 75 352 c 0
 75 389 81 438 92 503 c 0
 96 527 117 545 141 545 c 0
 171 545 191 521 191 495 c 0
 191 492 192 489 191 486 c 0
 179 418 175 377 175 352 c 0
 175 349 175 345 175 343 c 1
 183 344 192 346 201 346 c 0
 211 346 223 345 236 339 c 0
 280 320 294 273 298 213 c 0
 301 166 306 132 310 109 c 1
 342 141 384 188 447 188 c 0
 483 188 517 172 544 147 c 0
 598 96 670 75 730 75 c 0
 769 75 810 86 819 101 c 0
 820 103 819 107 817 111 c 0
 809 128 795 146 777 166 c 1
 749 146 715 136 679 136 c 0
 659 136 639 139 619 145 c 0
 561 161 535 195 508 235 c 0
 501 245 500 246 500 246 c 0
 500 246 496 247 489 247 c 0
 473 247 447 241 429 241 c 0
 404 241 380 247 360 265 c 0
 335 288 330 320 330 345 c 0
 330 358 331 367 333 379 c 1
 263 397 213 467 213 549 c 0
 213 587 224 626 248 664 c 1
 227 662 202 660 173 654 c 0
 170 653 166 653 163 653 c 0
 137 653 113 673 113 703 c 0
 113 726 129 747 153 752 c 0
 199 761 241 766 278 766 c 0
 303 766 326 764 346 759 c 1
 400 792 476 825 542 825 c 0
 608 825 655 790 678 742 c 0
 681 735 683 727 683 720 c 0
 683 695 663 670 633 670 c 0
 614 670 596 681 587 699 c 0
 578 718 569 725 545 725 c 0
 514 725 484 715 444 697 c 1
 465 667 474 634 474 595 c 0
 474 580 472 564 470 547 c 1
 518 611 572 651 630 651 c 0
 695 651 738 604 765 562 c 0
 776 545 786 527 794 508 c 1
 813 515 825 524 825 561 c 0
 825 580 800 596 786 606 c 0
 779 611 772 616 765 621 c 0
 750 633 722 658 722 697 c 0
 722 724 732 744 746 761 c 0
 758 776 774 791 794 806 c 0
 803 813 814 817 825 817 c 0
430 340 m 0
 447 340 472 347 489 347 c 0
 507 347 524 344 539 337 c 0
 573 322 586 300 599 279 c 0
 612 259 616 249 646 241 c 0
 658 238 669 236 679 236 c 0
 686 236 692 237 698 238 c 1
 665 265 627 296 599 324 c 0
 579 345 548 379 548 418 c 0
 548 430 551 441 558 453 c 0
 581 494 631 495 688 496 c 1
 686 500 683 504 681 508 c 0
 659 541 642 551 630 551 c 0
 619 551 592 543 550 486 c 0
 515 439 476 406 436 389 c 1
 432 372 430 361 430 347 c 0
 430 345 430 342 430 340 c 0
742 331 m 1
 739 348 735 373 728 397 c 1
 707 396 689 396 669 396 c 1
 688 376 712 356 742 331 c 1
424 341 m 0
 424 341 l 1
 424 341 l 0
354 477 m 1
 361 506 374 552 374 591 c 0
 374 613 370 632 359 644 c 1
 325 612 313 577 313 548 c 0
 313 513 330 485 354 477 c 1
819 707 m 0
 820 706 l 1
 819 707 l 0"#
),
GlyphDescriptor::new("jakiTok_VAR02",
r#"
366 536 m 0
 366 511 346 486 316 486 c 0
 294 486 274 501 268 523 c 0
 261 548 256 572 252 594 c 1
 233 584 224 570 219 557 c 0
 217 550 215 541 215 532 c 0
 215 510 227 474 245 447 c 1
 354 481 490 486 613 505 c 1
 609 512 604 519 598 525 c 0
 581 542 553 561 506 577 c 0
 443 599 391 609 350 611 c 1
 353 593 358 572 364 549 c 0
 365 545 366 540 366 536 c 0
353 711 m 1
 408 709 470 696 540 671 c 0
 596 651 638 626 669 595 c 0
 690 573 705 550 714 525 c 1
 744 533 771 542 796 553 c 0
 816 562 819 567 819 571 c 0
 819 574 818 577 815 582 c 0
 803 603 768 631 723 644 c 0
 653 664 590 684 523 702 c 0
 469 716 427 725 397 725 c 0
 374 725 360 722 353 711 c 1
75 249 m 0
 75 321 110 372 154 404 c 1
 129 445 115 490 115 533 c 0
 115 553 118 571 124 590 c 0
 143 644 187 681 246 699 c 1
 256 778 310 825 397 825 c 0
 443 825 496 813 549 799 c 0
 611 782 687 758 751 740 c 0
 813 722 873 682 902 631 c 0
 912 613 919 593 919 571 c 0
 919 513 880 481 837 462 c 0
 802 446 763 434 724 425 c 1
 719 376 705 335 693 293 c 0
 684 260 677 238 677 211 c 0
 677 196 680 186 685 178 c 0
 698 158 740 129 878 120 c 0
 904 118 925 96 925 70 c 0
 925 41 902 20 875 20 c 0
 874 20 873 20 872 20 c 0
 732 29 642 60 601 125 c 0
 583 153 577 182 577 212 c 0
 577 278 609 347 620 405 c 1
 522 390 417 384 326 365 c 1
 342 353 360 341 380 330 c 0
 419 308 455 286 484 263 c 0
 516 237 553 202 553 148 c 0
 553 118 539 90 517 67 c 0
 490 39 447 14 392 -10 c 0
 368 -20 341 -25 314 -25 c 0
 297 -25 281 -24 265 -21 c 0
 222 -14 177 3 142 30 c 0
 76 81 75 140 75 249 c 0
218 326 m 1
 191 309 175 291 175 249 c 0
 175 237 175 224 175 211 c 0
 175 186 176 162 178 149 c 0
 187 100 253 75 314 75 c 0
 331 75 344 77 352 81 c 0
 403 103 431 122 445 136 c 0
 452 143 454 146 453 149 c 0
 452 154 444 166 421 185 c 0
 399 203 369 222 331 243 c 0
 287 268 249 296 218 326 c 1"#
),
GlyphDescriptor::new("jakiTok_VAR03",
r#"
656 535 m 1
 538 517 394 487 268 487 c 0
 246 487 225 487 207 490 c 0
 173 495 132 507 107 539 c 0
 93 557 87 578 87 598 c 0
 87 619 93 639 102 659 c 0
 141 746 226 838 370 838 c 0
 398 838 420 816 420 788 c 0
 420 760 398 738 370 738 c 0
 277 738 221 681 193 618 c 0
 188 607 187 602 187 599 c 0
 190 597 199 592 221 589 c 0
 232 587 246 587 261 587 c 0
 344 587 476 608 557 621 c 0
 605 629 652 636 694 642 c 1
 695 649 695 654 695 660 c 0
 695 690 686 708 676 718 c 0
 667 726 652 734 630 734 c 0
 620 734 609 732 596 729 c 0
 553 718 496 686 430 622 c 0
 420 613 408 608 395 608 c 0
 368 608 345 631 345 658 c 0
 345 671 350 684 360 694 c 0
 434 766 506 809 571 826 c 0
 591 831 612 834 631 834 c 0
 675 834 714 820 745 790 c 0
 780 757 795 711 795 660 c 0
 795 657 795 653 795 650 c 1
 797 650 800 650 802 650 c 0
 837 650 863 647 887 628 c 0
 904 615 912 595 912 574 c 0
 912 571 912 569 912 566 c 0
 905 507 891 394 860 301 c 0
 845 255 824 209 795 175 c 0
 770 147 736 125 695 125 c 0
 684 125 673 127 661 130 c 0
 635 137 610 143 587 147 c 1
 590 135 592 124 592 114 c 0
 592 60 550 35 508 15 c 0
 484 4 453 -9 412 -24 c 0
 387 -33 362 -37 339 -37 c 0
 313 -37 289 -32 267 -20 c 0
 166 33 138 204 138 337 c 0
 138 380 155 416 189 438 c 0
 217 456 249 460 279 460 c 0
 350 460 429 435 484 417 c 0
 503 411 519 391 519 369 c 0
 519 360 516 351 510 342 c 0
 488 309 469 283 452 260 c 1
 455 260 459 260 462 260 c 0
 471 260 481 259 491 259 c 1
 507 313 542 379 610 465 c 0
 629 489 644 513 656 535 c 1
773 549 m 1
 755 502 727 454 688 404 c 0
 633 334 606 284 592 248 c 1
 621 243 653 235 687 226 c 0
 689 225 692 225 694 225 c 0
 701 225 708 229 719 241 c 0
 770 300 798 462 809 550 c 1
 806 550 803 550 799 550 c 0
 792 550 783 550 773 549 c 1
388 342 m 1
 349 352 314 360 279 360 c 0
 258 360 248 357 243 354 c 0
 242 353 238 350 238 335 c 0
 240 260 248 176 273 119 c 0
 285 91 299 75 313 68 c 0
 319 65 328 62 339 62 c 0
 349 62 362 64 378 70 c 0
 418 84 445 96 465 105 c 0
 478 111 486 116 491 119 c 1
 488 132 484 143 482 159 c 1
 475 159 469 160 462 160 c 0
 407 160 373 148 342 145 c 0
 340 145 338 145 336 145 c 0
 309 145 285 165 285 195 c 0
 285 225 304 239 318 254 c 0
 333 271 356 298 388 342 c 1
188 597 m 0
 188 597 188 597 188 598 c 1
 188 597 188 597 188 597 c 0"#
),
GlyphDescriptor::new("jakiTok_VAR04",
r#"
661 53 m 0
 677 53 692 52 704 52 c 0
 718 52 729 53 737 54 c 1
 715 85 662 130 626 152 c 1
 618 139 605 112 605 101 c 0
 605 11 557 -62 464 -62 c 0
 405 -62 349 -27 331 14 c 0
 324 30 320 47 320 63 c 0
 320 111 346 157 364 188 c 0
 395 244 448 289 524 289 c 0
 549 289 575 284 595 277 c 1
 619 306 650 339 670 366 c 1
 669 366 668 366 667 366 c 0
 643 366 610 363 563 356 c 0
 388 330 320 207 289 118 c 0
 278 87 274 65 264 38 c 0
 263 35 260 30 257 25 c 0
 255 22 247 8 229 2 c 0
 223 0 217 -1 212 -1 c 0
 174 -1 161 32 154 62 c 0
 145 100 128 189 128 244 c 0
 128 354 167 452 232 534 c 1
 111 546 l 2
 85 549 67 574 67 598 c 0
 67 611 73 625 85 635 c 2
 287 802 l 2
 296 810 308 814 319 814 c 0
 345 814 369 792 369 764 c 0
 369 750 362 735 350 725 c 2
 240 634 l 1
 324 625 l 1
 363 656 406 684 453 708 c 1
 436 728 419 758 419 790 c 0
 419 806 422 823 433 839 c 0
 443 854 459 861 475 861 c 0
 504 861 525 836 525 811 c 0
 525 803 523 795 519 788 c 1
 522 782 539 763 552 751 c 1
 646 785 750 807 858 814 c 0
 859 814 861 814 862 814 c 0
 889 814 912 793 912 764 c 0
 912 738 891 716 865 714 c 0
 793 709 723 698 658 680 c 1
 742 633 820 596 902 564 c 0
 921 556 934 537 934 517 c 0
 934 487 910 467 884 467 c 0
 882 467 880 467 878 467 c 2
 356 521 l 1
 275 445 228 352 228 244 c 0
 228 239 228 233 228 228 c 1
 277 322 370 429 548 455 c 0
 597 462 636 466 667 466 c 0
 724 466 786 444 786 388 c 0
 786 351 764 323 747 301 c 0
 730 279 707 254 687 232 c 1
 735 200 787 156 818 112 c 0
 830 95 844 70 844 42 c 0
 844 -8 805 -32 772 -41 c 0
 753 -46 730 -48 704 -48 c 0
 689 -48 674 -47 657 -46 c 0
 631 -44 611 -23 611 3 c 0
 611 32 634 53 661 53 c 0
537 637 m 1
 517 628 498 619 480 609 c 1
 602 596 l 1
 579 609 558 623 537 637 c 1
505 101 m 0
 505 134 517 164 531 189 c 1
 529 189 526 189 524 189 c 0
 513 189 503 187 494 183 c 0
 480 177 466 165 451 139 c 0
 435 111 424 86 421 68 c 0
 420 60 422 56 422 55 c 0
 426 45 456 39 465 39 c 0
 472 39 478 40 483 42 c 0
 490 45 505 58 505 101 c 0"#
),
GlyphDescriptor::new("jakiTok_VAR05",
r#"
178 153 m 1
 178 152 l 1
 178 153 l 1
176 144 m 1
 176 144 l 1
175 633 m 0
 147 633 125 657 125 683 c 0
 125 693 128 704 135 713 c 0
 168 758 257 824 394 824 c 0
 445 824 483 817 514 793 c 0
 553 763 571 715 571 651 c 0
 571 571 550 503 539 433 c 1
 587 470 600 530 620 599 c 0
 639 664 659 715 681 753 c 0
 702 790 727 821 756 837 c 0
 772 846 788 850 804 850 c 0
 862 850 896 799 910 756 c 0
 920 726 925 689 925 649 c 0
 925 531 877 378 755 257 c 0
 733 235 701 212 667 191 c 1
 728 182 797 160 846 100 c 0
 858 86 870 68 870 43 c 0
 870 5 839 -21 811 -32 c 0
 772 -47 727 -50 671 -50 c 0
 531 -50 388 -28 274 2 c 0
 218 16 171 31 132 57 c 0
 106 74 78 110 78 151 c 0
 78 197 112 224 138 238 c 0
 196 269 282 277 353 292 c 1
 284 294 223 301 181 313 c 0
 131 327 75 357 75 423 c 0
 75 447 83 469 93 488 c 0
 109 519 136 551 167 584 c 0
 211 630 267 654 317 654 c 0
 380 654 434 612 434 552 c 0
 434 545 434 538 432 530 c 0
 423 490 393 454 350 424 c 0
 341 418 332 415 322 415 c 0
 296 415 271 436 271 465 c 0
 271 481 279 496 293 506 c 0
 325 529 332 545 334 551 c 1
 331 553 325 554 316 554 c 0
 312 554 308 553 302 552 c 0
 284 548 261 538 239 515 c 0
 210 484 192 459 182 441 c 0
 177 431 175 426 175 424 c 0
 177 422 185 416 208 409 c 0
 238 400 307 392 372 392 c 0
 395 392 416 393 434 395 c 1
 440 483 471 560 471 651 c 0
 471 670 468 686 464 697 c 0
 458 714 452 720 428 722 c 0
 416 723 405 724 394 724 c 0
 290 724 230 674 216 654 c 0
 206 641 190 633 175 633 c 0
175 423 m 0
 175 423 l 1
 175 423 l 0
571 96 m 0
 553 96 531 95 514 95 c 0
 501 95 489 96 476 99 c 0
 451 105 438 126 438 147 c 0
 438 165 448 183 467 193 c 0
 531 225 644 287 685 328 c 0
 790 432 825 559 825 649 c 0
 825 688 819 729 803 748 c 1
 796 744 784 732 768 704 c 0
 751 673 729 616 712 555 c 0
 700 512 685 462 658 419 c 0
 632 377 596 342 541 320 c 1
 540 268 498 237 460 220 c 0
 416 201 356 191 305 181 c 0
 247 170 206 162 181 147 c 1
 186 137 198 134 212 128 c 0
 234 119 263 108 299 99 c 0
 403 72 542 50 671 50 c 0
 702 50 729 52 750 55 c 1
 707 89 643 96 571 96 c 0"#
),
GlyphDescriptor::new("jakiTok_VAR06",
r#"
518 326 m 0
 518 356 543 376 568 376 c 0
 573 376 577 375 582 374 c 0
 622 362 678 342 732 314 c 1
 761 358 814 452 822 493 c 0
 824 504 825 511 825 517 c 0
 825 522 824 525 823 528 c 0
 821 534 813 547 782 566 c 0
 718 605 582 652 303 721 c 0
 280 727 257 730 235 730 c 0
 231 730 228 729 224 729 c 1
 262 705 331 675 442 637 c 0
 500 617 544 600 578 585 c 0
 610 570 637 556 654 541 c 0
 666 531 682 511 682 486 c 0
 682 443 644 424 612 416 c 0
 560 402 486 401 429 393 c 0
 415 391 410 389 407 389 c 0
 401 386 395 377 395 359 c 0
 395 341 400 317 412 289 c 0
 439 226 491 167 541 145 c 0
 544 144 547 143 551 143 c 0
 561 143 577 147 600 163 c 0
 623 179 647 203 671 232 c 1
 628 252 585 268 553 278 c 0
 531 284 518 304 518 326 c 0
75 257 m 0
 75 328 99 392 168 392 c 0
 192 392 214 383 232 374 c 0
 253 363 276 346 297 330 c 1
 296 340 295 350 295 359 c 0
 295 419 326 474 390 488 c 0
 428 496 476 498 518 502 c 1
 490 513 455 527 410 542 c 0
 294 581 217 616 169 646 c 0
 145 661 125 676 112 694 c 0
 102 707 94 724 94 744 c 0
 94 784 127 806 148 815 c 0
 173 825 203 830 234 830 c 0
 265 830 298 826 328 818 c 0
 605 749 755 699 834 651 c 0
 875 627 902 600 916 565 c 0
 923 548 925 531 925 516 c 0
 925 500 922 486 920 474 c 0
 908 411 854 319 817 262 c 1
 864 227 921 174 921 99 c 0
 921 71 899 49 871 49 c 0
 843 49 821 71 821 99 c 0
 821 129 784 163 759 181 c 1
 728 143 693 106 657 81 c 0
 627 60 590 42 551 42 c 0
 535 42 518 46 501 53 c 0
 435 82 364 143 308 191 c 0
 269 224 227 263 185 285 c 0
 182 287 179 288 177 289 c 1
 176 282 175 272 175 257 c 0
 175 210 177 172 198 143 c 0
 217 116 264 85 387 80 c 0
 414 79 435 57 435 30 c 0
 435 2 412 -20 385 -20 c 0
 384 -20 384 -20 383 -20 c 0
 246 -15 163 22 117 84 c 0
 76 140 75 204 75 249 c 0
 75 252 75 255 75 257 c 0"#
),
GlyphDescriptor::new("jakiTok_VAR07",
r#"
394 766 m 0
 394 736 369 716 344 716 c 0
 336 716 328 719 320 723 c 0
 278 746 246 757 223 761 c 0
 216 762 210 763 205 763 c 0
 194 763 189 761 186 759 c 0
 182 757 175 750 175 732 c 0
 175 690 201 652 228 636 c 0
 239 629 251 626 261 626 c 0
 278 626 295 635 314 649 c 0
 364 687 413 706 458 706 c 0
 473 706 488 704 502 700 c 1
 537 740 576 778 615 804 c 0
 638 819 663 832 688 839 c 0
 699 842 711 844 724 844 c 0
 740 844 756 841 772 833 c 0
 818 809 834 761 834 697 c 0
 834 683 834 668 832 652 c 0
 818 508 790 454 768 391 c 0
 763 377 761 370 761 365 c 0
 761 363 762 361 762 359 c 0
 764 350 771 336 795 304 c 0
 820 272 848 237 871 204 c 0
 893 172 916 134 923 97 c 0
 924 90 925 83 925 76 c 0
 925 32 900 0 870 -17 c 0
 832 -39 775 -48 702 -48 c 0
 674 -48 652 -26 652 2 c 0
 652 30 674 52 702 52 c 0
 772 52 806 61 820 69 c 0
 826 72 825 71 824 79 c 0
 817 117 764 181 737 216 c 0
 709 252 673 299 664 338 c 0
 662 348 661 357 661 366 c 0
 661 397 672 423 682 448 c 0
 699 491 721 549 732 662 c 0
 733 675 734 685 734 695 c 0
 734 712 732 725 730 733 c 0
 727 745 727 746 714 742 c 0
 703 739 689 732 671 720 c 0
 643 702 613 675 585 644 c 1
 627 594 648 529 648 460 c 0
 648 409 637 355 616 302 c 1
 651 263 689 211 689 147 c 0
 689 120 682 91 666 61 c 0
 617 -31 527 -62 441 -62 c 0
 421 -62 401 -61 382 -58 c 0
 281 -42 177 14 127 85 c 0
 91 137 76 191 76 245 c 0
 76 360 143 471 199 539 c 1
 135 565 92 630 79 691 c 0
 76 703 75 717 75 731 c 0
 75 775 90 821 138 847 c 0
 158 858 181 863 205 863 c 0
 252 863 307 844 368 810 c 0
 385 801 394 784 394 766 c 0
334 438 m 0
 361 438 384 415 384 388 c 0
 384 376 379 364 370 354 c 0
 326 307 318 278 318 263 c 0
 318 257 320 252 321 250 c 0
 332 227 372 214 407 208 c 0
 408 208 409 208 411 208 c 0
 419 208 432 211 448 225 c 0
 464 238 481 258 496 283 c 1
 451 329 391 391 391 475 c 0
 391 526 410 563 431 601 c 1
 415 596 397 586 374 569 c 0
 308 519 241 443 205 362 c 0
 187 322 177 283 177 246 c 0
 177 209 187 174 209 143 c 0
 244 93 341 37 443 37 c 0
 504 37 552 60 578 109 c 0
 586 124 589 136 589 148 c 0
 589 171 577 189 565 206 c 1
 533 161 481 107 413 107 c 0
 405 107 397 109 389 110 c 0
 320 122 259 150 231 207 c 0
 222 225 218 244 218 263 c 0
 218 314 248 369 297 422 c 0
 307 433 321 438 334 438 c 0
523 560 m 1
 506 532 492 505 492 477 c 0
 492 441 518 408 538 385 c 1
 545 412 548 437 548 460 c 0
 548 498 539 532 523 560 c 1
726 744 m 1
 726 744 l 1
725 744 m 1
 725 745 l 0
 725 744 l 1
825 73 m 0
 825 73 l 1
 825 73 l 0
825 73 m 1
 825 73 l 0
 825 73 l 1"#
),
GlyphDescriptor::new("jakiTok_VAR08",
r#"
152 760 m 2
 152 787 173 810 202 810 c 0
 225 810 245 794 250 771 c 0
 255 750 271 730 305 713 c 0
 321 705 341 698 363 692 c 1
 355 712 350 732 350 751 c 0
 350 783 363 810 394 829 c 0
 420 845 454 850 491 850 c 0
 588 850 655 789 699 710 c 1
 731 720 760 732 787 746 c 0
 794 750 802 751 810 751 c 0
 827 751 843 743 852 728 c 0
 884 678 900 630 900 584 c 0
 900 490 841 431 782 390 c 1
 786 345 788 299 788 255 c 0
 788 206 803 167 803 118 c 0
 803 28 736 -7 655 -23 c 0
 595 -35 510 -40 391 -40 c 0
 310 -40 233 -20 178 43 c 0
 124 104 100 197 100 322 c 0
 100 349 107 375 123 396 c 0
 145 425 176 437 216 437 c 0
 232 437 248 435 266 432 c 1
 285 497 343 534 406 534 c 0
 425 534 435 536 441 538 c 1
 439 548 428 570 422 581 c 1
 359 587 299 602 252 628 c 1
 252 510 l 2
 252 482 230 460 202 460 c 0
 174 460 152 482 152 510 c 2
 152 760 l 2
533 579 m 1
 539 563 542 547 542 531 c 0
 542 501 530 475 501 456 c 0
 475 440 442 434 406 434 c 0
 386 434 370 425 363 408 c 1
 397 399 453 384 499 384 c 0
 514 384 528 385 540 389 c 0
 584 403 633 421 676 443 c 1
 668 497 656 548 641 593 c 1
 605 586 569 581 533 579 c 1
596 686 m 1
 566 729 530 750 491 750 c 0
 469 750 456 748 450 746 c 1
 454 724 470 699 482 678 c 1
 484 678 485 678 487 678 c 0
 522 678 560 680 596 686 c 1
738 618 m 1
 749 583 759 545 766 507 c 1
 788 530 801 554 801 583 c 0
 801 599 797 616 789 636 c 1
 773 629 755 624 738 618 c 1
686 337 m 1
 645 319 604 305 569 294 c 0
 546 287 521 284 497 284 c 0
 460 284 424 291 392 298 c 1
 404 279 420 259 442 236 c 0
 462 215 509 203 556 203 c 0
 601 203 646 215 670 231 c 0
 687 242 688 251 688 255 c 0
 688 282 688 310 686 337 c 1
216 337 m 0
 202 337 201 337 200 321 c 0
 200 207 224 144 254 109 c 0
 283 76 326 60 391 60 c 0
 508 60 585 66 635 76 c 0
 686 86 698 98 700 102 c 0
 701 104 703 108 703 118 c 0
 703 122 703 128 702 135 c 1
 661 114 608 103 555 103 c 0
 483 103 411 124 370 167 c 0
 316 223 281 278 267 329 c 1
 244 334 228 337 216 337 c 0
201 335 m 0
 202 335 l 1
 201 335 l 0"#
),
GlyphDescriptor::new("koTok_VAR01",
r#"
333 711 m 0
 279 711 233 695 233 638 c 0
 233 561 288 524 316 470 c 0
 327 449 332 429 332 411 c 0
 332 348 277 301 225 267 c 0
 200 251 188 227 188 203 c 0
 188 177 202 152 231 136 c 0
 241 131 248 130 255 132 c 0
 265 135 284 147 302 158 c 0
 328 175 368 200 417 200 c 0
 431 200 446 198 461 193 c 0
 520 175 535 130 571 95 c 0
 585 82 596 75 617 75 c 0
 631 75 652 78 681 90 c 0
 720 106 740 122 752 136 c 0
 763 149 766 161 766 173 c 0
 766 202 746 238 711 273 c 0
 692 292 685 313 685 334 c 0
 685 382 723 430 744 459 c 0
 771 496 813 552 813 600 c 0
 813 624 804 652 769 686 c 0
 748 707 733 711 719 711 c 0
 704 711 687 705 663 695 c 0
 626 679 585 658 539 658 c 0
 516 658 491 663 466 678 c 0
 436 695 382 711 333 711 c 0
133 638 m 0
 133 757 230 810 339 810 c 0
 402 810 468 794 517 765 c 0
 525 760 534 758 542 758 c 0
 564 758 586 771 605 779 c 0
 637 793 673 811 719 811 c 0
 763 811 802 794 839 757 c 0
 890 707 913 654 913 600 c 0
 913 489 834 425 793 354 c 0
 789 348 788 344 786 340 c 0
 825 299 866 240 866 173 c 0
 866 81 794 28 718 -3 c 0
 681 -18 647 -25 617 -25 c 0
 528 -25 496 31 456 77 c 0
 444 91 436 96 431 98 c 0
 426 100 421 100 416 100 c 0
 399 100 382 90 350 70 c 0
 322 52 285 32 244 32 c 0
 224 32 204 36 183 48 c 0
 120 82 87 142 87 203 c 0
 87 258 114 313 169 350 c 0
 212 379 227 397 231 406 c 0
 232 408 232 410 232 412 c 0
 232 427 212 447 204 458 c 0
 179 491 153 523 141 575 c 0
 136 597 133 618 133 638 c 0"#
),
GlyphDescriptor::new("koTok_VAR02",
r#"
91 582 m 0
 91 709 159 791 284 791 c 0
 319 791 355 784 389 775 c 0
 398 773 404 772 410 772 c 0
 431 772 445 784 462 798 c 0
 487 818 526 850 587 850 c 0
 687 850 795 808 827 689 c 0
 830 678 831 669 831 659 c 0
 831 618 809 586 797 566 c 0
 785 547 783 540 783 537 c 0
 783 531 789 529 815 524 c 0
 837 520 882 512 909 469 c 0
 930 435 938 402 938 370 c 0
 938 330 926 292 914 257 c 0
 887 180 842 78 715 78 c 0
 699 78 684 80 668 80 c 0
 630 80 621 73 603 45 c 0
 560 -21 465 -50 361 -50 c 0
 340 -50 318 -49 297 -47 c 0
 256 -42 195 -30 153 5 c 0
 105 46 63 106 63 177 c 0
 63 207 70 239 88 272 c 0
 119 330 125 357 125 375 c 0
 125 388 120 408 116 424 c 0
 105 466 91 536 91 582 c 0
217 81 m 0
 243 59 292 50 343 50 c 0
 400 50 459 61 491 78 c 0
 506 86 515 93 519 100 c 0
 549 146 591 179 659 179 c 0
 676 179 692 178 708 178 c 0
 716 178 724 178 731 179 c 0
 772 185 794 217 819 290 c 0
 831 324 838 349 838 370 c 0
 838 387 833 400 824 415 c 0
 822 418 817 421 789 427 c 0
 766 432 718 441 694 490 c 0
 686 507 683 522 683 537 c 0
 683 573 701 602 712 619 c 0
 727 644 731 652 731 659 c 0
 731 661 731 663 731 664 c 0
 716 721 664 750 587 750 c 0
 561 750 543 734 516 713 c 0
 493 695 456 672 410 672 c 0
 395 672 380 673 363 678 c 0
 339 684 311 690 284 690 c 0
 263 690 242 686 227 677 c 0
 212 668 191 645 191 583 c 0
 191 559 194 529 201 493 c 0
 209 452 225 423 225 375 c 0
 225 332 210 288 176 225 c 0
 167 207 163 191 163 176 c 0
 163 168 164 160 166 152 c 0
 173 129 189 104 217 81 c 0"#
),
GlyphDescriptor::new("koTok_VAR03",
r#"
483 808 m 0
 530 835 583 850 636 850 c 0
 699 850 761 827 811 774 c 0
 857 725 941 653 949 529 c 0
 950 519 950 511 950 502 c 0
 950 410 917 367 868 327 c 0
 850 312 849 311 848 283 c 0
 848 274 848 266 848 257 c 0
 848 235 849 214 849 192 c 0
 849 134 844 91 815 51 c 0
 774 -5 696 -42 624 -49 c 0
 616 -50 608 -50 600 -50 c 0
 516 -50 454 -5 432 66 c 0
 422 97 420 133 393 146 c 0
 386 149 382 149 376 147 c 0
 366 144 349 132 337 125 c 0
 319 114 290 97 255 97 c 0
 225 97 196 109 168 132 c 0
 91 195 50 307 50 408 c 0
 50 502 88 608 197 637 c 0
 214 642 230 644 245 644 c 0
 273 644 295 638 315 633 c 0
 328 630 338 628 347 628 c 0
 356 628 364 630 373 634 c 0
 386 640 389 646 397 682 c 0
 401 698 406 722 419 745 c 0
 432 769 453 791 483 808 c 0
347 528 m 0
 310 528 276 544 244 544 c 0
 237 544 231 543 223 541 c 0
 180 530 150 483 150 408 c 0
 150 329 183 249 231 209 c 0
 246 196 255 197 257 197 c 0
 262 197 279 206 291 214 c 0
 316 230 348 248 385 248 c 0
 401 248 419 245 437 236 c 0
 498 207 509 159 528 95 c 0
 538 63 561 50 598 50 c 0
 657 50 712 79 734 110 c 0
 747 128 749 160 749 195 c 0
 749 220 748 246 748 269 c 0
 748 304 749 334 767 364 c 0
 786 396 811 404 830 427 c 0
 838 437 850 454 850 502 c 0
 850 601 789 651 738 706 c 0
 711 735 675 750 635 750 c 0
 603 750 568 741 533 721 c 0
 504 705 502 689 494 654 c 0
 487 623 475 572 416 544 c 0
 391 532 368 528 347 528 c 0"#
),
GlyphDescriptor::new("koTok_VAR04",
r#"
420 732 m 0
 377 710 317 667 273 638 c 0
 210 597 165 562 155 459 c 0
 151 423 150 393 150 366 c 0
 150 338 152 314 155 295 c 0
 161 257 171 239 178 230 c 0
 184 223 189 221 196 221 c 0
 202 221 210 224 218 228 c 0
 264 252 309 266 350 266 c 0
 390 266 426 252 455 218 c 0
 493 174 507 115 540 72 c 0
 552 56 564 50 582 50 c 0
 612 50 644 62 692 85 c 0
 732 104 748 119 756 130 c 0
 765 143 767 168 768 194 c 0
 770 240 773 307 828 388 c 0
 844 411 850 437 850 460 c 0
 850 474 848 487 844 499 c 0
 833 532 814 539 805 539 c 0
 804 539 l 0
 775 536 747 532 720 532 c 0
 699 532 678 535 656 542 c 0
 598 561 557 610 526 693 c 0
 515 722 504 736 496 743 c 0
 490 748 483 751 473 750 c 0
 461 749 443 744 420 732 c 0
722 633 m 0
 751 633 779 639 806 639 c 0
 873 639 919 585 938 532 c 0
 946 510 950 485 950 460 c 0
 950 418 938 372 911 332 c 0
 866 266 871 230 867 168 c 0
 865 140 861 107 839 74 c 0
 817 42 783 17 734 -6 c 0
 684 -30 631 -49 581 -49 c 0
 536 -49 494 -33 460 11 c 0
 438 39 424 70 412 96 c 0
 399 123 390 141 379 153 c 0
 370 163 362 167 349 167 c 0
 333 167 307 162 264 139 c 0
 242 128 219 122 196 122 c 0
 110 122 69 196 56 280 c 0
 52 305 50 334 50 366 c 0
 50 397 52 432 56 470 c 0
 71 616 148 676 242 736 c 0
 285 763 332 799 375 821 c 0
 407 837 438 850 476 850 c 0
 552 850 596 790 619 727 c 0
 644 659 669 643 687 637 c 0
 697 634 709 633 722 633 c 0"#
),
GlyphDescriptor::new("koTok_VAR05",
r#"
554 750 m 0
 499 750 484 737 454 718 c 0
 423 698 378 670 309 651 c 0
 250 635 220 611 202 563 c 0
 185 519 182 457 171 405 c 0
 166 380 163 362 163 347 c 0
 163 336 164 327 168 319 c 0
 175 302 198 275 275 247 c 0
 373 211 409 154 440 108 c 0
 454 87 464 75 476 66 c 0
 486 58 502 52 532 51 c 0
 541 51 549 50 557 50 c 0
 626 50 660 62 678 75 c 0
 722 108 712 212 720 286 c 0
 726 340 739 401 778 458 c 0
 823 523 838 571 838 605 c 0
 838 621 834 635 829 646 c 0
 811 683 759 718 657 738 c 0
 612 747 579 750 554 750 c 0
389 796 m 0
 440 829 483 850 555 850 c 0
 588 850 628 846 677 836 c 0
 786 814 879 771 919 690 c 0
 932 663 938 634 938 605 c 0
 938 542 909 474 860 402 c 0
 822 347 818 286 815 205 c 0
 814 181 813 156 810 132 c 0
 804 84 788 32 738 -5 c 0
 696 -36 635 -50 557 -50 c 0
 496 -50 453 -41 417 -15 c 0
 387 7 370 34 354 57 c 0
 327 96 304 130 241 153 c 0
 154 185 100 225 76 280 c 0
 66 303 63 326 63 348 c 0
 63 377 68 403 73 425 c 0
 86 486 87 542 109 598 c 0
 137 672 196 724 282 747 c 0
 336 761 361 778 389 796 c 0"#
),
GlyphDescriptor::new("koTok_VAR06",
r#"
373 812 m 0
 439 812 486 786 553 786 c 0
 594 786 631 791 672 791 c 0
 713 791 756 786 807 764 c 0
 910 720 950 627 950 533 c 0
 950 500 945 465 936 434 c 0
 917 366 877 336 835 303 c 0
 815 288 799 275 783 255 c 0
 755 221 748 172 731 125 c 0
 722 99 708 70 682 45 c 0
 652 16 590 -13 529 -13 c 0
 505 -13 481 -8 460 2 c 0
 401 30 386 82 356 132 c 0
 335 168 315 184 270 193 c 0
 211 205 165 201 118 234 c 0
 85 257 50 312 50 372 c 0
 50 454 105 486 146 524 c 0
 159 536 167 547 173 559 c 0
 189 594 191 621 198 659 c 0
 205 698 219 741 267 777 c 0
 303 804 339 812 373 812 c 0
553 686 m 0
 518 686 485 691 458 697 c 0
 432 703 403 711 376 711 c 0
 358 711 341 708 326 697 c 0
 303 680 299 658 294 624 c 0
 290 596 283 558 264 517 c 0
 241 467 205 445 170 412 c 0
 155 398 150 393 150 375 c 0
 150 369 151 360 154 350 c 0
 160 329 168 321 175 316 c 0
 198 300 254 299 289 292 c 0
 317 287 348 277 378 256 c 0
 431 219 445 171 477 120 c 0
 487 104 496 96 504 92 c 0
 509 90 516 87 528 87 c 0
 536 87 544 87 556 90 c 0
 586 96 602 107 612 116 c 0
 637 140 646 191 659 230 c 0
 668 258 682 289 706 318 c 0
 736 355 766 375 796 400 c 0
 819 419 833 434 840 461 c 0
 847 486 850 511 850 534 c 0
 850 598 822 649 768 672 c 0
 733 687 701 691 668 691 c 0
 633 691 596 686 553 686 c 0"#
),
GlyphDescriptor::new("koTok_VAR07",
r#"
632 139 m 0
 688 139 735 120 790 120 c 0
 801 120 809 121 814 123 c 0
 840 134 850 224 850 243 c 0
 850 263 843 278 834 292 c 0
 824 307 805 326 788 344 c 0
 768 365 744 391 722 426 c 0
 673 503 681 601 661 698 c 0
 657 718 654 729 647 737 c 0
 645 737 641 737 632 734 c 0
 618 729 598 719 571 699 c 0
 504 651 445 640 364 628 c 0
 344 625 328 622 313 619 c 0
 283 612 273 605 268 598 c 0
 265 593 261 582 261 560 c 0
 261 536 271 489 271 461 c 0
 271 381 228 333 192 293 c 0
 163 261 150 247 150 220 c 0
 150 200 154 188 159 180 c 0
 173 156 210 139 237 123 c 0
 257 111 280 96 303 76 c 0
 313 67 325 62 341 62 c 0
 354 62 371 65 393 72 c 0
 455 91 511 119 581 134 c 0
 598 138 616 139 632 139 c 0
648 737 m 1
 648 737 l 1
647 737 m 1
 647 737 l 0
 647 737 l 1
788 19 m 0
 735 19 687 38 633 38 c 0
 575 38 533 17 485 -1 c 0
 442 -17 392 -39 341 -39 c 0
 306 -39 270 -28 237 1 c 0
 184 48 111 65 73 130 c 0
 58 156 50 185 50 220 c 0
 50 298 100 340 132 376 c 0
 155 402 171 419 171 461 c 0
 171 470 170 480 168 491 c 0
 164 515 161 539 161 560 c 0
 161 595 168 625 184 651 c 0
 211 693 254 709 291 717 c 0
 329 725 368 729 406 737 c 0
 444 745 480 757 512 780 c 0
 543 803 573 819 599 828 c 0
 614 833 630 837 646 837 c 0
 720 837 747 776 759 718 c 0
 774 646 775 530 807 480 c 0
 855 404 950 358 950 237 c 0
 950 201 941 161 927 118 c 0
 907 58 863 19 788 19 c 0"#
),
GlyphDescriptor::new("koTok_VAR08",
r#"
777 479 m 0
 777 534 817 578 817 629 c 0
 817 635 817 642 815 648 c 0
 808 679 796 688 787 693 c 0
 780 696 770 699 756 699 c 0
 746 699 732 698 717 695 c 0
 682 688 647 673 611 658 c 0
 575 643 532 625 487 625 c 0
 457 625 432 639 414 651 c 0
 376 678 325 737 279 737 c 0
 258 737 236 720 222 674 c 0
 216 655 214 635 214 616 c 0
 214 593 218 571 225 557 c 0
 239 529 244 501 244 475 c 0
 244 404 203 342 177 295 c 0
 159 264 149 233 149 203 c 0
 149 166 164 131 199 100 c 0
 211 89 221 86 227 86 c 0
 259 86 296 126 317 144 c 0
 338 162 372 190 410 190 c 0
 424 190 438 187 452 178 c 0
 473 165 484 148 494 135 c 0
 510 113 522 96 545 85 c 0
 566 75 602 62 630 62 c 0
 642 62 653 67 654 68 c 0
 655 69 658 74 658 91 c 0
 658 110 654 130 654 150 c 0
 654 245 728 286 802 309 c 0
 820 315 847 320 850 337 c 0
 851 343 850 345 849 346 c 0
 848 349 838 361 831 368 c 0
 813 387 777 425 777 479 c 0
405 87 m 1
 355 53 312 -14 227 -14 c 0
 194 -14 161 -1 132 25 c 0
 76 75 51 138 51 203 c 0
 51 250 64 298 90 344 c 0
 106 373 124 403 135 434 c 0
 140 449 143 463 143 476 c 0
 143 489 141 501 135 513 c 0
 121 543 114 579 114 615 c 0
 114 645 119 676 127 703 c 0
 146 766 191 837 282 837 c 0
 375 837 420 769 472 733 c 0
 483 725 487 725 487 725 c 0
 510 726 546 739 582 754 c 0
 625 772 691 800 755 800 c 0
 845 800 894 745 912 672 c 0
 916 656 918 641 918 627 c 0
 918 573 893 534 880 492 c 0
 877 481 877 476 877 474 c 0
 879 462 892 449 909 432 c 0
 918 422 931 408 940 389 c 0
 947 374 950 358 950 342 c 0
 950 306 934 273 912 253 c 0
 882 225 851 220 812 207 c 0
 798 202 789 198 782 193 c 0
 761 178 757 171 756 167 c 0
 755 163 754 159 754 151 c 0
 754 139 758 108 758 91 c 0
 758 58 751 28 731 4 c 0
 706 -26 669 -37 630 -37 c 0
 582 -37 532 -21 499 -4 c 0
 445 23 428 59 405 87 c 1"#
),
